102
-200 0 0 0
0 0 0 0
1 2 2 2
2 5 5 5
3 7 7 7
4 10 10 10
5 12 12 12
6 15 15 15
7 17 17 17
8 20 20 20
9 22 22 22
10 25 25 25
11 27 27 27
12 30 30 30
13 33 33 33
14 36 36 36
15 38 38 38
16 41 41 41
17 43 43 43
18 46 46 46
19 48 48 48
20 51 51 51
21 54 54 54
22 56 56 56
23 59 59 59
24 61 61 61
25 64 64 64
26 66 66 66
27 69 69 69
28 72 72 72
29 74 74 74
30 77 77 77
31 79 79 79
32 82 82 82
33 84 84 84
34 87 87 87
35 90 90 90
36 92 92 92
37 95 95 95
38 97 97 97
39 100 100 100
40 102 102 102
41 105 105 105
42 107 107 107
43 110 110 110
44 112 112 112
45 115 115 115
46 118 118 118
47 120 120 120
48 123 123 123
49 125 125 125
50 128 128 128
51 130 130 130
52 133 133 133
53 135 135 135
54 138 138 138
55 141 141 141
56 143 143 143
57 146 146 146
58 148 148 148
59 151 151 151
60 153 153 153
61 156 156 156
62 159 159 159
63 161 161 161
64 164 164 164
65 166 166 166
66 169 169 169
67 171 171 171
68 174 174 174
69 177 177 177
70 179 179 179
71 182 182 182
72 184 184 184
73 187 187 187
74 189 189 189
75 192 192 192
76 195 195 195
77 197 197 197
78 200 200 200
79 202 202 202
80 205 205 205
81 207 207 207
82 210 210 210
83 213 213 213
84 215 215 215
85 218 218 218
86 220 220 220
87 223 223 223
88 225 225 225
89 228 228 228
90 231 231 231
91 233 233 233
92 236 236 236
93 238 238 238
94 241 241 241
95 243 243 243
96 246 246 246
97 249 249 249
98 251 251 251
99 254 254 254
100 255 255 255