71
-100 0 0 100
1 0 0 105
2 0 0 110
3 0 0 115
4 0 0 120
5 0 0 125
6 0 0 130
7 0 0 135
8 0 0 140
9 0 0 145
10 0 0 150
11 0 20 155
12 0 40 160
13 0 60 165
14 0 80 170
15 0 100 175
16 0 120 180
17 0 140 185
18 0 160 190
19 0 180 195
20 0 200 200
21 10 205 210
22 20 210 220
23 30 215 230
24 40 220 240
25 50 225 250
26 60 230 255
27 70 235 255
28 80 240 255
29 90 245 255
30 100 250 255

31 230 220 170
32 235 225 160
33 240 230 150
34 245 235 140
35 250 240 130
36 255 245 120
37 255 240 110
38 255 235 100
39 255 230 90
40 255 225 80
41 255 220 70
42 255 215 60
43 255 210 50
44 255 205 40
45 255 200 30
46 255 195 25
47 255 190 20
48 255 185 15
49 255 180 10
50 255 175 5

51 85 107 47
52 80 120 50
53 75 135 55
54 70 150 60
55 65 165 65
56 60 180 70
57 55 195 75
58 50 210 80
59 45 225 85
60 40 240 90
61 35 250 95
62 30 255 100
63 25 255 110
64 20 255 120
65 15 255 130
66 10 255 140
67 5 255 150
68 0 255 160
69 0 255 170
70 0 255 180